0 10 990 
1 10 999 
2 10 1009 
3 10 1018 
4 10 1028 
5 10 1034 
6 10 1042 
7 10 1049 
8 10 1056 
9 10 1058 
10 24 1064 
11 24 1069 
12 26 1075 
13 26 1082 
14 24 1089 
15 24 1087 
16 24 1092 
17 26 1093 
18 26 1098 
19 26 1101 
20 32 1104 
21 36 1109 
22 38 1116 
23 40 1121 
24 36 1129 
25 36 1128 
26 38 1128 
27 40 1130 
28 41 1133 
29 40 1130 
30 52 1128 
31 53 1129 
32 53 1129 
33 57 1133 
34 55 1134 
35 55 1126 
36 59 1123 
37 60 1127 
38 61 1130 
39 65 1119 
40 67 1112 
41 76 1102 
42 78 1095 
43 84 1092 
44 87 1089 
45 88 1075 
46 97 1063 
47 95 1062 
48 95 1056 
49 98 1043 
50 103 1034 
51 107 1027 
52 117 1013 
53 127 1008 
54 135 999 
55 138 985 
56 145 973 
57 148 952 
58 146 936 
59 154 917 
60 162 903 
61 171 885 
62 176 865 
63 175 849 
64 175 838 
65 178 821 
66 178 794 
67 187 775 
68 191 759 
69 203 734 
70 218 708 
71 234 687 
72 228 660 
73 229 637 
74 241 608 
75 240 583 
76 233 557 
77 249 535 
78 245 512 
79 246 485 
80 257 461 
81 270 443 
82 267 427 
83 261 416 
84 257 404 
85 255 381 
86 253 367 
87 253 354 
88 248 340 
89 235 334 
90 233 308 
91 221 300 
92 218 291 
93 210 278 
94 199 268 
95 204 259 
96 203 248 
97 186 247 
98 181 241 
99 165 236 
100 150 226 
101 140 228 
102 141 221 
103 140 219 
104 131 219 
105 126 218 
106 125 215 
107 115 213 
108 112 212 
109 99 215 
110 89 219 
111 80 219 
112 81 218 
113 79 221 
114 72 224 
115 68 228 
116 68 226 
117 66 227 
118 66 225 
119 59 225 
120 52 225 
121 50 226 
122 47 231 
123 42 237 
124 40 245 
125 39 249 
126 38 254 
127 38 258 
128 37 264 
129 37 271 
130 37 275 
131 37 282 
132 36 290 
133 33 295 
134 34 303 
135 32 312 
136 28 318 
137 24 325 
138 25 331 
139 27 334 
140 26 341 
141 22 350 
142 21 354 
143 20 362 
144 19 365 
145 18 368 
146 16 376 
147 16 385 
148 14 389 
149 16 397 
150 20 404 
151 18 411 
152 16 417 
153 21 423 
154 20 429 
155 20 434 
156 20 443 
157 18 452 
158 17 459 
159 19 464 
160 23 472 
161 22 481 
162 22 489 
163 23 497 
164 26 502 
165 28 508 
166 28 514 
167 27 522 
168 24 528 
169 24 534 
170 27 538 
171 29 543 
172 31 546 
173 30 548 
174 33 555 
175 33 557 
176 37 560 
177 36 563 
178 37 566 
179 36 568 
180 35 572 
181 45 572 
182 49 574 
183 52 575 
184 54 576 
185 52 577 
186 58 578 
187 57 578 
188 65 576 
189 69 579 
190 68 574 
191 77 572 
192 84 569 
193 87 566 
194 90 560 
195 90 558 
196 96 552 
197 102 545 
198 110 538 
199 113 527 
200 113 517 
